Infection vector:
[0.0004, 0.0009666666666666667, 0.0041333333333333335, 0.0149, 0.04713333333333333, 0.10133333333333333, 0.14523333333333333, 0.15506666666666666, 0.14323333333333332, 0.13153333333333334, 0.12153333333333333, 0.11116666666666666, 0.10263333333333333, 0.0937, 0.0861, 0.07986666666666667, 0.07436666666666666, 0.06753333333333333, 0.061266666666666664, 0.055766666666666666, 0.051133333333333336, 0.046966666666666664, 0.042466666666666666, 0.03886666666666667, 0.0354, 0.033, 0.030333333333333334, 0.0275, 0.024966666666666668, 0.02266666666666667, 0.020433333333333335, 0.018933333333333333, 0.0177, 0.016266666666666665, 0.015066666666666667, 0.0141, 0.012666666666666666, 0.011633333333333334, 0.010633333333333333, 0.0097, 0.009133333333333334, 0.0082, 0.007666666666666666, 0.0071, 0.0063, 0.005533333333333334, 0.005266666666666667, 0.0048, 0.004633333333333333, 0.0044, 0.003933333333333333, 0.0035, 0.0033, 0.0031, 0.003033333333333333, 0.0025666666666666667, 0.0023, 0.0021, 0.0019, 0.0018666666666666666, 0.0016333333333333334, 0.0013666666666666666, 0.0012333333333333332, 0.0010666666666666667, 0.0010333333333333334, 0.0009666666666666667, 0.0009, 0.0007666666666666667, 0.0007333333333333333, 0.0006, 0.0006, 0.0005333333333333334, 0.00046666666666666666, 0.0004, 0.0003, 0.0003, 0.0002666666666666667, 0.0002666666666666667, 0.0002666666666666667, 0.0003, 0.0003, 0.0002666666666666667, 0.0002666666666666667, 0.0002, 0.0002, 0.0002, 0.0002, 0.0002, 0.0002, 0.00013333333333333334, 0.00013333333333333334, 0.00013333333333333334, 0.00013333333333333334, 0.0001, 0.0001, 0.0001, 0.0001, 0.0001, 0.0001, 0.00013333333333333334, 0.0001, 0.0001, 0.0001, 0.0001, 0.0001, 0.0001, 6.666666666666667e-05, 6.666666666666667e-05, 6.666666666666667e-05, 3.3333333333333335e-05, 3.3333333333333335e-05, 3.3333333333333335e-05, 3.3333333333333335e-05, 3.3333333333333335e-05, 3.3333333333333335e-05, 3.3333333333333335e-05, 3.3333333333333335e-05, 3.3333333333333335e-05, 0.0]

Infection with mask vector:
[0, 0.0, 0.0, 0.00023333333333333333, 0.0024666666666666665, 0.0192, 0.0804, 0.15146666666666667, 0.14323333333333332, 0.13153333333333334, 0.12153333333333333, 0.11116666666666666, 0.10263333333333333, 0.0937, 0.0861, 0.07986666666666667, 0.07436666666666666, 0.06753333333333333, 0.061266666666666664, 0.055766666666666666, 0.051133333333333336, 0.046966666666666664, 0.042466666666666666, 0.03886666666666667, 0.0354, 0.033, 0.030333333333333334, 0.0275, 0.024966666666666668, 0.02266666666666667, 0.020433333333333335, 0.018933333333333333, 0.0177, 0.016266666666666665, 0.015066666666666667, 0.0141, 0.012666666666666666, 0.011633333333333334, 0.010633333333333333, 0.0097, 0.009133333333333334, 0.0082, 0.007666666666666666, 0.0071, 0.0063, 0.005533333333333334, 0.005266666666666667, 0.0048, 0.004633333333333333, 0.0044, 0.003933333333333333, 0.0035, 0.0033, 0.0031, 0.003033333333333333, 0.0025666666666666667, 0.0023, 0.0021, 0.0019, 0.0018666666666666666, 0.0016333333333333334, 0.0013666666666666666, 0.0012333333333333332, 0.0010666666666666667, 0.0010333333333333334, 0.0009666666666666667, 0.0009, 0.0007666666666666667, 0.0007333333333333333, 0.0006, 0.0006, 0.0005333333333333334, 0.00046666666666666666, 0.0004, 0.0003, 0.0003, 0.0002666666666666667, 0.0002666666666666667, 0.0002666666666666667, 0.0003, 0.0003, 0.0002666666666666667, 0.0002666666666666667, 0.0002, 0.0002, 0.0002, 0.0002, 0.0002, 0.0002, 0.00013333333333333334, 0.00013333333333333334, 0.00013333333333333334, 0.00013333333333333334, 0.0001, 0.0001, 0.0001, 0.0001, 0.0001, 0.0001, 0.00013333333333333334, 0.0001, 0.0001, 0.0001, 0.0001, 0.0001, 0.0001, 6.666666666666667e-05, 6.666666666666667e-05, 6.666666666666667e-05, 3.3333333333333335e-05, 3.3333333333333335e-05, 3.3333333333333335e-05, 3.3333333333333335e-05, 3.3333333333333335e-05, 3.3333333333333335e-05, 3.3333333333333335e-05, 3.3333333333333335e-05, 3.3333333333333335e-05, 0.0]

Infection without mask vector:
[0.0004, 0.0009666666666666667, 0.0041333333333333335, 0.014666666666666666, 0.04466666666666667, 0.08213333333333334, 0.06483333333333334, 0.0036, 0.0, 0.0, 0.0, 0.0, 0.0, 0.0, 0.0, 0.0, 0.0, 0.0, 0.0, 0.0, 0.0, 0.0, 0.0, 0.0, 0.0, 0.0, 0.0, 0.0, 0.0, 0.0, 0.0, 0.0, 0.0, 0.0, 0.0, 0.0, 0.0, 0.0, 0.0, 0.0, 0.0, 0.0, 0.0, 0.0, 0.0, 0.0, 0.0, 0.0, 0.0, 0.0, 0.0, 0.0, 0.0, 0.0, 0.0, 0.0, 0.0, 0.0, 0.0, 0.0, 0.0, 0.0, 0.0, 0.0, 0.0, 0.0, 0.0, 0.0, 0.0, 0.0, 0.0, 0.0, 0.0, 0.0, 0.0, 0.0, 0.0, 0.0, 0.0, 0.0, 0.0, 0.0, 0.0, 0.0, 0.0, 0.0, 0.0, 0.0, 0.0, 0.0, 0.0, 0.0, 0.0, 0.0, 0.0, 0.0, 0.0, 0.0, 0.0, 0.0, 0.0, 0.0, 0.0, 0.0, 0.0, 0.0, 0.0, 0.0, 0.0, 0.0, 0.0, 0.0, 0.0, 0.0, 0.0, 0.0, 0.0, 0.0, 0.0]

Mask acceptance vector:
[0, 0.01, 0.01, 0.0307, 0.1008, 0.322, 0.7108, 0.9865666666666667, 1.0, 1.0, 1.0, 1.0, 1.0, 1.0, 1.0, 1.0, 1.0, 1.0, 1.0, 1.0, 1.0, 1.0, 1.0, 1.0, 1.0, 1.0, 1.0, 1.0, 1.0, 1.0, 1.0, 1.0, 1.0, 1.0, 1.0, 1.0, 1.0, 1.0, 1.0, 1.0, 1.0, 1.0, 1.0, 1.0, 1.0, 1.0, 1.0, 1.0, 1.0, 1.0, 1.0, 1.0, 1.0, 1.0, 1.0, 1.0, 1.0, 1.0, 1.0, 1.0, 1.0, 1.0, 1.0, 1.0, 1.0, 1.0, 1.0, 1.0, 1.0, 1.0, 1.0, 1.0, 1.0, 1.0, 1.0, 1.0, 1.0, 1.0, 1.0, 1.0, 1.0, 1.0, 1.0, 1.0, 1.0, 1.0, 1.0, 1.0, 1.0, 1.0, 1.0, 1.0, 1.0, 1.0, 1.0, 1.0, 1.0, 1.0, 1.0, 1.0, 1.0, 1.0, 1.0, 1.0, 1.0, 1.0, 1.0, 1.0, 1.0, 1.0, 1.0, 1.0, 1.0, 1.0, 1.0, 1.0, 1.0, 1.0, 1.0]

Mask acceptance due to fear vector:
[0, 0.0, 0.0, 0.020866666666666665, 0.0912, 0.3101333333333333, 0.6708333333333333, 0.9688666666666667, 1.0, 0.9555666666666667, 0.8769333333333333, 0.8074333333333333, 0.738, 0.6798666666666666, 0.6225666666666667, 0.5725666666666667, 0.5306333333333333, 0.49273333333333336, 0.44526666666666664, 0.4038333333333333, 0.3666333333333333, 0.33626666666666666, 0.30923333333333336, 0.27796666666666664, 0.25303333333333333, 0.2286, 0.212, 0.19353333333333333, 0.17453333333333335, 0.15696666666666667, 0.14286666666666667, 0.1282, 0.11853333333333334, 0.10926666666666666, 0.09956666666666666, 0.09226666666666666, 0.0866, 0.0767, 0.07073333333333333, 0.06466666666666666, 0.05923333333333333, 0.054933333333333334, 0.04873333333333333, 0.0456, 0.041633333333333335, 0.0365, 0.030933333333333334, 0.029, 0.025566666666666668, 0.024266666666666666, 0.0226, 0.019533333333333333, 0.016866666666666665, 0.015433333333333334, 0.013933333333333334, 0.0134, 0.0104, 0.008866666666666667, 0.007333333333333333, 0.0059, 0.005733333333333333, 0.0037, 0.0021666666666666666, 0.0014, 0.0004, 0.00023333333333333333, 0.0, 0.0, 0.0, 0.0, 0.0, 0.0, 0.0, 0.0, 0.0, 0.0, 0.0, 0.0, 0.0, 0.0, 0.0, 0.0, 0.0, 0.0, 0.0, 0.0, 0.0, 0.0, 0.0, 0.0, 0.0, 0.0, 0.0, 0.0, 0.0, 0.0, 0.0, 0.0, 0.0, 0.0, 0.0, 0.0, 0.0, 0.0, 0.0, 0.0, 0.0, 0.0, 0.0, 0.0, 0.0, 0.0, 0.0, 0.0, 0.0, 0.0, 0.0, 0.0, 0.0]

Mask acceptance due to peer vector:
[0, 0.0, 0.0, 0.0, 0.0006, 0.007933333333333334, 0.11023333333333334, 0.5752666666666667, 0.9807, 1.0, 1.0, 1.0, 1.0, 1.0, 1.0, 1.0, 1.0, 1.0, 1.0, 1.0, 1.0, 1.0, 1.0, 1.0, 1.0, 1.0, 1.0, 1.0, 1.0, 1.0, 1.0, 1.0, 1.0, 1.0, 1.0, 1.0, 1.0, 1.0, 1.0, 1.0, 1.0, 1.0, 1.0, 1.0, 1.0, 1.0, 1.0, 1.0, 1.0, 1.0, 1.0, 1.0, 1.0, 1.0, 1.0, 1.0, 1.0, 1.0, 1.0, 1.0, 1.0, 1.0, 1.0, 1.0, 1.0, 1.0, 1.0, 1.0, 1.0, 1.0, 1.0, 1.0, 1.0, 1.0, 1.0, 1.0, 1.0, 1.0, 1.0, 1.0, 1.0, 1.0, 1.0, 1.0, 1.0, 1.0, 1.0, 1.0, 1.0, 1.0, 1.0, 1.0, 1.0, 1.0, 1.0, 1.0, 1.0, 1.0, 1.0, 1.0, 1.0, 1.0, 1.0, 1.0, 1.0, 1.0, 1.0, 1.0, 1.0, 1.0, 1.0, 1.0, 1.0, 1.0, 1.0, 1.0, 1.0, 1.0, 1.0]

