Infection vector:
[0.0003333333333333333, 0.0008, 0.0031333333333333335, 0.010933333333333333, 0.0354, 0.09436666666666667, 0.15433333333333332, 0.1686, 0.1536, 0.1418, 0.13073333333333334, 0.1203, 0.1126, 0.10486666666666666, 0.09616666666666666, 0.0894, 0.08203333333333333, 0.0752, 0.06876666666666667, 0.0635, 0.05873333333333333, 0.0541, 0.0499, 0.0462, 0.041966666666666666, 0.03903333333333334, 0.036, 0.03286666666666667, 0.0304, 0.0272, 0.024966666666666668, 0.0229, 0.0212, 0.019333333333333334, 0.017566666666666668, 0.016, 0.0147, 0.013666666666666667, 0.012933333333333333, 0.012133333333333333, 0.011066666666666667, 0.0098, 0.009266666666666666, 0.008366666666666666, 0.0075, 0.007266666666666667, 0.0068, 0.0064333333333333334, 0.006033333333333333, 0.005566666666666667, 0.005233333333333334, 0.0046, 0.004266666666666667, 0.004, 0.0035, 0.0031, 0.0028333333333333335, 0.002533333333333333, 0.0023666666666666667, 0.0021666666666666666, 0.002, 0.0018666666666666666, 0.0016, 0.0014, 0.0012666666666666666, 0.0012, 0.0012333333333333332, 0.0012666666666666666, 0.0012, 0.001, 0.0009333333333333333, 0.0008666666666666666, 0.0008, 0.0008333333333333334, 0.0007333333333333333, 0.0008, 0.0007, 0.0006666666666666666, 0.0005, 0.0005, 0.00046666666666666666, 0.0004333333333333333, 0.0004333333333333333, 0.0004, 0.00036666666666666667, 0.00036666666666666667, 0.00036666666666666667, 0.0003333333333333333, 0.0002666666666666667, 0.0002, 0.0002, 0.0002, 0.00016666666666666666, 0.00016666666666666666, 0.00016666666666666666, 0.00013333333333333334, 0.00013333333333333334, 0.00013333333333333334, 0.00013333333333333334, 0.0001, 6.666666666666667e-05, 6.666666666666667e-05, 6.666666666666667e-05, 3.3333333333333335e-05, 3.3333333333333335e-05, 3.3333333333333335e-05, 3.3333333333333335e-05, 3.3333333333333335e-05, 3.3333333333333335e-05, 3.3333333333333335e-05, 0.0]

Infection with mask vector:
[0, 0, 0, 2, 40, 380, 2316, 5058, 4608, 4254, 3922, 3609, 3378, 3146, 2885, 2682, 2461, 2256, 2063, 1905, 1762, 1623, 1497, 1386, 1259, 1171, 1080, 986, 912, 816, 749, 687, 636, 580, 527, 480, 441, 410, 388, 364, 332, 294, 278, 251, 225, 218, 204, 193, 181, 167, 157, 138, 128, 120, 105, 93, 85, 76, 71, 65, 60, 56, 48, 42, 38, 36, 37, 38, 36, 30, 28, 26, 24, 25, 22, 24, 21, 20, 15, 15, 14, 13, 13, 12, 11, 11, 11, 10, 8, 6, 6, 6, 5, 5, 5, 4, 4, 4, 4, 3, 2, 2, 2, 1, 1, 1, 1, 1, 1, 1, 0]

Infection without mask vector:
[0.0003333333333333333, 24, 94, 326, 1022, 2451, 2314, 0, 0, 0, 0, 0, 0, 0, 0, 0, 0, 0, 0, 0, 0, 0, 0, 0, 0, 0, 0, 0, 0, 0, 0, 0, 0, 0, 0, 0, 0, 0, 0, 0, 0, 0, 0, 0, 0, 0, 0, 0, 0, 0, 0, 0, 0, 0, 0, 0, 0, 0, 0, 0, 0, 0, 0, 0, 0, 0, 0, 0, 0, 0, 0, 0, 0, 0, 0, 0, 0, 0, 0, 0, 0, 0, 0, 0, 0, 0, 0, 0, 0, 0, 0, 0, 0, 0, 0, 0, 0, 0, 0, 0, 0, 0, 0, 0, 0, 0, 0, 0, 0, 0, 0]

Mask acceptance vector:
[0, 0.01, 0.010033333333333333, 0.024833333333333332, 0.07523333333333333, 0.2428, 0.6546666666666666, 1.0, 1.0, 1.0, 1.0, 1.0, 1.0, 1.0, 1.0, 1.0, 1.0, 1.0, 1.0, 1.0, 1.0, 1.0, 1.0, 1.0, 1.0, 1.0, 1.0, 1.0, 1.0, 1.0, 1.0, 1.0, 1.0, 1.0, 1.0, 1.0, 1.0, 1.0, 1.0, 1.0, 1.0, 1.0, 1.0, 1.0, 1.0, 1.0, 1.0, 1.0, 1.0, 1.0, 1.0, 1.0, 1.0, 1.0, 1.0, 1.0, 1.0, 1.0, 1.0, 1.0, 1.0, 1.0, 1.0, 1.0, 1.0, 1.0, 1.0, 1.0, 1.0, 1.0, 1.0, 1.0, 1.0, 1.0, 1.0, 1.0, 1.0, 1.0, 1.0, 1.0, 1.0, 1.0, 1.0, 1.0, 1.0, 1.0, 1.0, 1.0, 1.0, 1.0, 1.0, 1.0, 1.0, 1.0, 1.0, 1.0, 1.0, 1.0, 1.0, 1.0, 1.0, 1.0, 1.0, 1.0, 1.0, 1.0, 1.0, 1.0, 1.0, 1.0, 1.0]

Mask acceptance due to fear vector:
[0, 0, 0, 449, 1975, 6960, 18845, 30000, 30000, 30000, 28311, 26166, 24094, 22561, 20977, 19223, 17846, 16363, 15006, 13709, 12677, 11739, 10850, 9956, 9183, 8292, 7692, 7068, 6438, 5944, 5277, 4829, 4421, 4079, 3699, 3348, 3028, 2753, 2524, 2366, 2211, 2004, 1767, 1671, 1480, 1289, 1244, 1136, 1079, 1013, 919, 855, 732, 662, 611, 515, 439, 375, 323, 301, 259, 228, 183, 132, 83, 50, 33, 41, 50, 33, 0, 0, 0, 0, 0, 0, 0, 0, 0, 0, 0, 0, 0, 0, 0, 0, 0, 0, 0, 0, 0, 0, 0, 0, 0, 0, 0, 0, 0, 0, 0, 0, 0, 0, 0, 0, 0, 0, 0, 0, 0]

Mask acceptance due to peer vector:
[0, 0, 1, 1, 9, 126, 1851, 14968, 30000, 30000, 30000, 30000, 30000, 30000, 30000, 30000, 30000, 30000, 30000, 30000, 30000, 30000, 30000, 30000, 30000, 30000, 30000, 30000, 30000, 30000, 30000, 30000, 30000, 30000, 30000, 30000, 30000, 30000, 30000, 30000, 30000, 30000, 30000, 30000, 30000, 30000, 30000, 30000, 30000, 30000, 30000, 30000, 30000, 30000, 30000, 30000, 30000, 30000, 30000, 30000, 30000, 30000, 30000, 30000, 30000, 30000, 30000, 30000, 30000, 30000, 30000, 30000, 30000, 30000, 30000, 30000, 30000, 30000, 30000, 30000, 30000, 30000, 30000, 30000, 30000, 30000, 30000, 30000, 30000, 30000, 30000, 30000, 30000, 30000, 30000, 30000, 30000, 30000, 30000, 30000, 30000, 30000, 30000, 30000, 30000, 30000, 30000, 30000, 30000, 30000, 30000]

Mask acceptance vector:
[0, 0.01, 0.010033333333333333, 0.024833333333333332, 0.07523333333333333, 0.2428, 0.6546666666666666, 1.0, 1.0, 1.0, 1.0, 1.0, 1.0, 1.0, 1.0, 1.0, 1.0, 1.0, 1.0, 1.0, 1.0, 1.0, 1.0, 1.0, 1.0, 1.0, 1.0, 1.0, 1.0, 1.0, 1.0, 1.0, 1.0, 1.0, 1.0, 1.0, 1.0, 1.0, 1.0, 1.0, 1.0, 1.0, 1.0, 1.0, 1.0, 1.0, 1.0, 1.0, 1.0, 1.0, 1.0, 1.0, 1.0, 1.0, 1.0, 1.0, 1.0, 1.0, 1.0, 1.0, 1.0, 1.0, 1.0, 1.0, 1.0, 1.0, 1.0, 1.0, 1.0, 1.0, 1.0, 1.0, 1.0, 1.0, 1.0, 1.0, 1.0, 1.0, 1.0, 1.0, 1.0, 1.0, 1.0, 1.0, 1.0, 1.0, 1.0, 1.0, 1.0, 1.0, 1.0, 1.0, 1.0, 1.0, 1.0, 1.0, 1.0, 1.0, 1.0, 1.0, 1.0, 1.0, 1.0, 1.0, 1.0, 1.0, 1.0, 1.0, 1.0, 1.0, 1.0]

