Infection vector:
[0.0002, 0.0004333333333333333, 0.0014, 0.006666666666666667, 0.027633333333333333, 0.0753, 0.13386666666666666, 0.15996666666666667, 0.15383333333333332, 0.1401, 0.12923333333333334, 0.11876666666666667, 0.10833333333333334, 0.09986666666666667, 0.0917, 0.08393333333333333, 0.07593333333333334, 0.07016666666666667, 0.06476666666666667, 0.06043333333333333, 0.05633333333333333, 0.052066666666666664, 0.0469, 0.043133333333333336, 0.039066666666666666, 0.0356, 0.0325, 0.028866666666666665, 0.026366666666666667, 0.024333333333333332, 0.0222, 0.02, 0.018466666666666666, 0.016866666666666665, 0.015466666666666667, 0.014166666666666666, 0.013033333333333333, 0.011866666666666666, 0.011, 0.009966666666666667, 0.008866666666666667, 0.0082, 0.0076, 0.007266666666666667, 0.0068, 0.006366666666666666, 0.0057, 0.005033333333333333, 0.004733333333333333, 0.004333333333333333, 0.003933333333333333, 0.0036333333333333335, 0.003033333333333333, 0.0028333333333333335, 0.0026, 0.0024333333333333334, 0.0022333333333333333, 0.002033333333333333, 0.002033333333333333, 0.002, 0.0018, 0.0016333333333333334, 0.0014333333333333333, 0.0013, 0.0011666666666666668, 0.0011, 0.001, 0.0009333333333333333, 0.0007333333333333333, 0.0006333333333333333, 0.0006333333333333333, 0.0005666666666666667, 0.0005666666666666667, 0.0004333333333333333, 0.0004, 0.0004, 0.00036666666666666667, 0.0003, 0.0002666666666666667, 0.00023333333333333333, 0.00016666666666666666, 0.00013333333333333334, 6.666666666666667e-05, 6.666666666666667e-05, 6.666666666666667e-05, 6.666666666666667e-05, 6.666666666666667e-05, 6.666666666666667e-05, 6.666666666666667e-05, 6.666666666666667e-05, 3.3333333333333335e-05, 3.3333333333333335e-05, 3.3333333333333335e-05, 3.3333333333333335e-05, 3.3333333333333335e-05, 3.3333333333333335e-05, 3.3333333333333335e-05, 3.3333333333333335e-05, 3.3333333333333335e-05, 3.3333333333333335e-05, 0.0]

Infection with mask vector:
[0, 0.0, 0.0, 0.0, 0.0007666666666666667, 0.007066666666666666, 0.0464, 0.13993333333333333, 0.15383333333333332, 0.1401, 0.12923333333333334, 0.11876666666666667, 0.10833333333333334, 0.09986666666666667, 0.0917, 0.08393333333333333, 0.07593333333333334, 0.07016666666666667, 0.06476666666666667, 0.06043333333333333, 0.05633333333333333, 0.052066666666666664, 0.0469, 0.043133333333333336, 0.039066666666666666, 0.0356, 0.0325, 0.028866666666666665, 0.026366666666666667, 0.024333333333333332, 0.0222, 0.02, 0.018466666666666666, 0.016866666666666665, 0.015466666666666667, 0.014166666666666666, 0.013033333333333333, 0.011866666666666666, 0.011, 0.009966666666666667, 0.008866666666666667, 0.0082, 0.0076, 0.007266666666666667, 0.0068, 0.006366666666666666, 0.0057, 0.005033333333333333, 0.004733333333333333, 0.004333333333333333, 0.003933333333333333, 0.0036333333333333335, 0.003033333333333333, 0.0028333333333333335, 0.0026, 0.0024333333333333334, 0.0022333333333333333, 0.002033333333333333, 0.002033333333333333, 0.002, 0.0018, 0.0016333333333333334, 0.0014333333333333333, 0.0013, 0.0011666666666666668, 0.0011, 0.001, 0.0009333333333333333, 0.0007333333333333333, 0.0006333333333333333, 0.0006333333333333333, 0.0005666666666666667, 0.0005666666666666667, 0.0004333333333333333, 0.0004, 0.0004, 0.00036666666666666667, 0.0003, 0.0002666666666666667, 0.00023333333333333333, 0.00016666666666666666, 0.00013333333333333334, 6.666666666666667e-05, 6.666666666666667e-05, 6.666666666666667e-05, 6.666666666666667e-05, 6.666666666666667e-05, 6.666666666666667e-05, 6.666666666666667e-05, 6.666666666666667e-05, 3.3333333333333335e-05, 3.3333333333333335e-05, 3.3333333333333335e-05, 3.3333333333333335e-05, 3.3333333333333335e-05, 3.3333333333333335e-05, 3.3333333333333335e-05, 3.3333333333333335e-05, 3.3333333333333335e-05, 3.3333333333333335e-05, 0.0]

Infection without mask vector:
[0.0002, 0.0004333333333333333, 0.0014, 0.006666666666666667, 0.026866666666666667, 0.06823333333333333, 0.08746666666666666, 0.020033333333333334, 0.0, 0.0, 0.0, 0.0, 0.0, 0.0, 0.0, 0.0, 0.0, 0.0, 0.0, 0.0, 0.0, 0.0, 0.0, 0.0, 0.0, 0.0, 0.0, 0.0, 0.0, 0.0, 0.0, 0.0, 0.0, 0.0, 0.0, 0.0, 0.0, 0.0, 0.0, 0.0, 0.0, 0.0, 0.0, 0.0, 0.0, 0.0, 0.0, 0.0, 0.0, 0.0, 0.0, 0.0, 0.0, 0.0, 0.0, 0.0, 0.0, 0.0, 0.0, 0.0, 0.0, 0.0, 0.0, 0.0, 0.0, 0.0, 0.0, 0.0, 0.0, 0.0, 0.0, 0.0, 0.0, 0.0, 0.0, 0.0, 0.0, 0.0, 0.0, 0.0, 0.0, 0.0, 0.0, 0.0, 0.0, 0.0, 0.0, 0.0, 0.0, 0.0, 0.0, 0.0, 0.0, 0.0, 0.0, 0.0, 0.0, 0.0, 0.0, 0.0, 0.0]

Mask acceptance vector:
[0, 0.01, 0.01, 0.012566666666666667, 0.04783333333333333, 0.18836666666666665, 0.5191, 0.9263666666666667, 1.0, 1.0, 1.0, 1.0, 1.0, 1.0, 1.0, 1.0, 1.0, 1.0, 1.0, 1.0, 1.0, 1.0, 1.0, 1.0, 1.0, 1.0, 1.0, 1.0, 1.0, 1.0, 1.0, 1.0, 1.0, 1.0, 1.0, 1.0, 1.0, 1.0, 1.0, 1.0, 1.0, 1.0, 1.0, 1.0, 1.0, 1.0, 1.0, 1.0, 1.0, 1.0, 1.0, 1.0, 1.0, 1.0, 1.0, 1.0, 1.0, 1.0, 1.0, 1.0, 1.0, 1.0, 1.0, 1.0, 1.0, 1.0, 1.0, 1.0, 1.0, 1.0, 1.0, 1.0, 1.0, 1.0, 1.0, 1.0, 1.0, 1.0, 1.0, 1.0, 1.0, 1.0, 1.0, 1.0, 1.0, 1.0, 1.0, 1.0, 1.0, 1.0, 1.0, 1.0, 1.0, 1.0, 1.0, 1.0, 1.0, 1.0, 1.0, 1.0, 1.0]

Mask acceptance due to fear vector:
[0, 0.0, 0.0, 0.0026333333333333334, 0.0382, 0.17926666666666666, 0.4984, 0.8907666666666667, 1.0, 1.0, 0.9315333333333333, 0.8605333333333334, 0.7901666666666667, 0.7209666666666666, 0.6648666666666667, 0.6097666666666667, 0.5559666666666667, 0.5024, 0.4629333333333333, 0.4251666666666667, 0.39666666666666667, 0.3690333333333333, 0.34196666666666664, 0.30796666666666667, 0.2848, 0.2562, 0.23426666666666668, 0.2132, 0.18786666666666665, 0.16973333333333335, 0.15566666666666668, 0.1422, 0.12793333333333334, 0.11773333333333333, 0.10616666666666667, 0.0973, 0.08876666666666666, 0.08106666666666666, 0.0735, 0.06743333333333333, 0.06093333333333333, 0.0533, 0.0489, 0.04493333333333333, 0.0426, 0.03913333333333333, 0.03593333333333333, 0.03163333333333333, 0.0273, 0.025433333333333332, 0.0222, 0.019933333333333334, 0.018033333333333332, 0.014066666666666667, 0.012533333333333334, 0.011233333333333333, 0.010366666666666666, 0.008933333333333333, 0.007666666666666666, 0.007666666666666666, 0.007266666666666667, 0.005533333333333334, 0.004233333333333334, 0.0028666666666666667, 0.0019333333333333333, 0.0011, 0.0006, 0.0, 0.0, 0.0, 0.0, 0.0, 0.0, 0.0, 0.0, 0.0, 0.0, 0.0, 0.0, 0.0, 0.0, 0.0, 0.0, 0.0, 0.0, 0.0, 0.0, 0.0, 0.0, 0.0, 0.0, 0.0, 0.0, 0.0, 0.0, 0.0, 0.0, 0.0, 0.0, 0.0, 0.0]

Mask acceptance due to peer vector:
[0, 0.0, 0.0, 0.0, 3.3333333333333335e-05, 0.0015, 0.0329, 0.3219666666666667, 0.8928666666666667, 1.0, 1.0, 1.0, 1.0, 1.0, 1.0, 1.0, 1.0, 1.0, 1.0, 1.0, 1.0, 1.0, 1.0, 1.0, 1.0, 1.0, 1.0, 1.0, 1.0, 1.0, 1.0, 1.0, 1.0, 1.0, 1.0, 1.0, 1.0, 1.0, 1.0, 1.0, 1.0, 1.0, 1.0, 1.0, 1.0, 1.0, 1.0, 1.0, 1.0, 1.0, 1.0, 1.0, 1.0, 1.0, 1.0, 1.0, 1.0, 1.0, 1.0, 1.0, 1.0, 1.0, 1.0, 1.0, 1.0, 1.0, 1.0, 1.0, 1.0, 1.0, 1.0, 1.0, 1.0, 1.0, 1.0, 1.0, 1.0, 1.0, 1.0, 1.0, 1.0, 1.0, 1.0, 1.0, 1.0, 1.0, 1.0, 1.0, 1.0, 1.0, 1.0, 1.0, 1.0, 1.0, 1.0, 1.0, 1.0, 1.0, 1.0, 1.0, 1.0]

Mask acceptance vector:
[0, 0.01, 0.01, 0.012566666666666667, 0.04783333333333333, 0.18836666666666665, 0.5191, 0.9263666666666667, 1.0, 1.0, 1.0, 1.0, 1.0, 1.0, 1.0, 1.0, 1.0, 1.0, 1.0, 1.0, 1.0, 1.0, 1.0, 1.0, 1.0, 1.0, 1.0, 1.0, 1.0, 1.0, 1.0, 1.0, 1.0, 1.0, 1.0, 1.0, 1.0, 1.0, 1.0, 1.0, 1.0, 1.0, 1.0, 1.0, 1.0, 1.0, 1.0, 1.0, 1.0, 1.0, 1.0, 1.0, 1.0, 1.0, 1.0, 1.0, 1.0, 1.0, 1.0, 1.0, 1.0, 1.0, 1.0, 1.0, 1.0, 1.0, 1.0, 1.0, 1.0, 1.0, 1.0, 1.0, 1.0, 1.0, 1.0, 1.0, 1.0, 1.0, 1.0, 1.0, 1.0, 1.0, 1.0, 1.0, 1.0, 1.0, 1.0, 1.0, 1.0, 1.0, 1.0, 1.0, 1.0, 1.0, 1.0, 1.0, 1.0, 1.0, 1.0, 1.0, 1.0]

